{
 "cells": [
  {
   "cell_type": "code",
   "execution_count": 49,
   "id": "fb856c8f",
   "metadata": {},
   "outputs": [
    {
     "data": {
      "text/html": [
       "<div>\n",
       "<style scoped>\n",
       "    .dataframe tbody tr th:only-of-type {\n",
       "        vertical-align: middle;\n",
       "    }\n",
       "\n",
       "    .dataframe tbody tr th {\n",
       "        vertical-align: top;\n",
       "    }\n",
       "\n",
       "    .dataframe thead th {\n",
       "        text-align: right;\n",
       "    }\n",
       "</style>\n",
       "<table border=\"1\" class=\"dataframe\">\n",
       "  <thead>\n",
       "    <tr style=\"text-align: right;\">\n",
       "      <th></th>\n",
       "      <th>male</th>\n",
       "      <th>age</th>\n",
       "      <th>education</th>\n",
       "      <th>currentSmoker</th>\n",
       "      <th>cigsPerDay</th>\n",
       "      <th>BPMeds</th>\n",
       "      <th>prevalentStroke</th>\n",
       "      <th>prevalentHyp</th>\n",
       "      <th>diabetes</th>\n",
       "      <th>totChol</th>\n",
       "      <th>sysBP</th>\n",
       "      <th>diaBP</th>\n",
       "      <th>BMI</th>\n",
       "      <th>heartRate</th>\n",
       "      <th>glucose</th>\n",
       "      <th>TenYearCHD</th>\n",
       "    </tr>\n",
       "  </thead>\n",
       "  <tbody>\n",
       "    <tr>\n",
       "      <th>0</th>\n",
       "      <td>1</td>\n",
       "      <td>39</td>\n",
       "      <td>4.0</td>\n",
       "      <td>0</td>\n",
       "      <td>0.0</td>\n",
       "      <td>0.0</td>\n",
       "      <td>0</td>\n",
       "      <td>0</td>\n",
       "      <td>0</td>\n",
       "      <td>195.0</td>\n",
       "      <td>106.0</td>\n",
       "      <td>70.0</td>\n",
       "      <td>26.97</td>\n",
       "      <td>80.0</td>\n",
       "      <td>77.0</td>\n",
       "      <td>0</td>\n",
       "    </tr>\n",
       "    <tr>\n",
       "      <th>1</th>\n",
       "      <td>0</td>\n",
       "      <td>46</td>\n",
       "      <td>2.0</td>\n",
       "      <td>0</td>\n",
       "      <td>0.0</td>\n",
       "      <td>0.0</td>\n",
       "      <td>0</td>\n",
       "      <td>0</td>\n",
       "      <td>0</td>\n",
       "      <td>250.0</td>\n",
       "      <td>121.0</td>\n",
       "      <td>81.0</td>\n",
       "      <td>28.73</td>\n",
       "      <td>95.0</td>\n",
       "      <td>76.0</td>\n",
       "      <td>0</td>\n",
       "    </tr>\n",
       "    <tr>\n",
       "      <th>2</th>\n",
       "      <td>1</td>\n",
       "      <td>48</td>\n",
       "      <td>1.0</td>\n",
       "      <td>1</td>\n",
       "      <td>20.0</td>\n",
       "      <td>0.0</td>\n",
       "      <td>0</td>\n",
       "      <td>0</td>\n",
       "      <td>0</td>\n",
       "      <td>245.0</td>\n",
       "      <td>127.5</td>\n",
       "      <td>80.0</td>\n",
       "      <td>25.34</td>\n",
       "      <td>75.0</td>\n",
       "      <td>70.0</td>\n",
       "      <td>0</td>\n",
       "    </tr>\n",
       "    <tr>\n",
       "      <th>3</th>\n",
       "      <td>0</td>\n",
       "      <td>61</td>\n",
       "      <td>3.0</td>\n",
       "      <td>1</td>\n",
       "      <td>30.0</td>\n",
       "      <td>0.0</td>\n",
       "      <td>0</td>\n",
       "      <td>1</td>\n",
       "      <td>0</td>\n",
       "      <td>225.0</td>\n",
       "      <td>150.0</td>\n",
       "      <td>95.0</td>\n",
       "      <td>28.58</td>\n",
       "      <td>65.0</td>\n",
       "      <td>103.0</td>\n",
       "      <td>1</td>\n",
       "    </tr>\n",
       "    <tr>\n",
       "      <th>4</th>\n",
       "      <td>0</td>\n",
       "      <td>46</td>\n",
       "      <td>3.0</td>\n",
       "      <td>1</td>\n",
       "      <td>23.0</td>\n",
       "      <td>0.0</td>\n",
       "      <td>0</td>\n",
       "      <td>0</td>\n",
       "      <td>0</td>\n",
       "      <td>285.0</td>\n",
       "      <td>130.0</td>\n",
       "      <td>84.0</td>\n",
       "      <td>23.10</td>\n",
       "      <td>85.0</td>\n",
       "      <td>85.0</td>\n",
       "      <td>0</td>\n",
       "    </tr>\n",
       "    <tr>\n",
       "      <th>...</th>\n",
       "      <td>...</td>\n",
       "      <td>...</td>\n",
       "      <td>...</td>\n",
       "      <td>...</td>\n",
       "      <td>...</td>\n",
       "      <td>...</td>\n",
       "      <td>...</td>\n",
       "      <td>...</td>\n",
       "      <td>...</td>\n",
       "      <td>...</td>\n",
       "      <td>...</td>\n",
       "      <td>...</td>\n",
       "      <td>...</td>\n",
       "      <td>...</td>\n",
       "      <td>...</td>\n",
       "      <td>...</td>\n",
       "    </tr>\n",
       "    <tr>\n",
       "      <th>4233</th>\n",
       "      <td>1</td>\n",
       "      <td>50</td>\n",
       "      <td>1.0</td>\n",
       "      <td>1</td>\n",
       "      <td>1.0</td>\n",
       "      <td>0.0</td>\n",
       "      <td>0</td>\n",
       "      <td>1</td>\n",
       "      <td>0</td>\n",
       "      <td>313.0</td>\n",
       "      <td>179.0</td>\n",
       "      <td>92.0</td>\n",
       "      <td>25.97</td>\n",
       "      <td>66.0</td>\n",
       "      <td>86.0</td>\n",
       "      <td>1</td>\n",
       "    </tr>\n",
       "    <tr>\n",
       "      <th>4234</th>\n",
       "      <td>1</td>\n",
       "      <td>51</td>\n",
       "      <td>3.0</td>\n",
       "      <td>1</td>\n",
       "      <td>43.0</td>\n",
       "      <td>0.0</td>\n",
       "      <td>0</td>\n",
       "      <td>0</td>\n",
       "      <td>0</td>\n",
       "      <td>207.0</td>\n",
       "      <td>126.5</td>\n",
       "      <td>80.0</td>\n",
       "      <td>19.71</td>\n",
       "      <td>65.0</td>\n",
       "      <td>68.0</td>\n",
       "      <td>0</td>\n",
       "    </tr>\n",
       "    <tr>\n",
       "      <th>4235</th>\n",
       "      <td>0</td>\n",
       "      <td>48</td>\n",
       "      <td>2.0</td>\n",
       "      <td>1</td>\n",
       "      <td>20.0</td>\n",
       "      <td>NaN</td>\n",
       "      <td>0</td>\n",
       "      <td>0</td>\n",
       "      <td>0</td>\n",
       "      <td>248.0</td>\n",
       "      <td>131.0</td>\n",
       "      <td>72.0</td>\n",
       "      <td>22.00</td>\n",
       "      <td>84.0</td>\n",
       "      <td>86.0</td>\n",
       "      <td>0</td>\n",
       "    </tr>\n",
       "    <tr>\n",
       "      <th>4236</th>\n",
       "      <td>0</td>\n",
       "      <td>44</td>\n",
       "      <td>1.0</td>\n",
       "      <td>1</td>\n",
       "      <td>15.0</td>\n",
       "      <td>0.0</td>\n",
       "      <td>0</td>\n",
       "      <td>0</td>\n",
       "      <td>0</td>\n",
       "      <td>210.0</td>\n",
       "      <td>126.5</td>\n",
       "      <td>87.0</td>\n",
       "      <td>19.16</td>\n",
       "      <td>86.0</td>\n",
       "      <td>NaN</td>\n",
       "      <td>0</td>\n",
       "    </tr>\n",
       "    <tr>\n",
       "      <th>4237</th>\n",
       "      <td>0</td>\n",
       "      <td>52</td>\n",
       "      <td>2.0</td>\n",
       "      <td>0</td>\n",
       "      <td>0.0</td>\n",
       "      <td>0.0</td>\n",
       "      <td>0</td>\n",
       "      <td>0</td>\n",
       "      <td>0</td>\n",
       "      <td>269.0</td>\n",
       "      <td>133.5</td>\n",
       "      <td>83.0</td>\n",
       "      <td>21.47</td>\n",
       "      <td>80.0</td>\n",
       "      <td>107.0</td>\n",
       "      <td>0</td>\n",
       "    </tr>\n",
       "  </tbody>\n",
       "</table>\n",
       "<p>4238 rows × 16 columns</p>\n",
       "</div>"
      ],
      "text/plain": [
       "      male  age  education  currentSmoker  cigsPerDay  BPMeds  \\\n",
       "0        1   39        4.0              0         0.0     0.0   \n",
       "1        0   46        2.0              0         0.0     0.0   \n",
       "2        1   48        1.0              1        20.0     0.0   \n",
       "3        0   61        3.0              1        30.0     0.0   \n",
       "4        0   46        3.0              1        23.0     0.0   \n",
       "...    ...  ...        ...            ...         ...     ...   \n",
       "4233     1   50        1.0              1         1.0     0.0   \n",
       "4234     1   51        3.0              1        43.0     0.0   \n",
       "4235     0   48        2.0              1        20.0     NaN   \n",
       "4236     0   44        1.0              1        15.0     0.0   \n",
       "4237     0   52        2.0              0         0.0     0.0   \n",
       "\n",
       "      prevalentStroke  prevalentHyp  diabetes  totChol  sysBP  diaBP    BMI  \\\n",
       "0                   0             0         0    195.0  106.0   70.0  26.97   \n",
       "1                   0             0         0    250.0  121.0   81.0  28.73   \n",
       "2                   0             0         0    245.0  127.5   80.0  25.34   \n",
       "3                   0             1         0    225.0  150.0   95.0  28.58   \n",
       "4                   0             0         0    285.0  130.0   84.0  23.10   \n",
       "...               ...           ...       ...      ...    ...    ...    ...   \n",
       "4233                0             1         0    313.0  179.0   92.0  25.97   \n",
       "4234                0             0         0    207.0  126.5   80.0  19.71   \n",
       "4235                0             0         0    248.0  131.0   72.0  22.00   \n",
       "4236                0             0         0    210.0  126.5   87.0  19.16   \n",
       "4237                0             0         0    269.0  133.5   83.0  21.47   \n",
       "\n",
       "      heartRate  glucose  TenYearCHD  \n",
       "0          80.0     77.0           0  \n",
       "1          95.0     76.0           0  \n",
       "2          75.0     70.0           0  \n",
       "3          65.0    103.0           1  \n",
       "4          85.0     85.0           0  \n",
       "...         ...      ...         ...  \n",
       "4233       66.0     86.0           1  \n",
       "4234       65.0     68.0           0  \n",
       "4235       84.0     86.0           0  \n",
       "4236       86.0      NaN           0  \n",
       "4237       80.0    107.0           0  \n",
       "\n",
       "[4238 rows x 16 columns]"
      ]
     },
     "execution_count": 49,
     "metadata": {},
     "output_type": "execute_result"
    }
   ],
   "source": [
    "import numpy as np\n",
    "import pandas as pd\n",
    "import matplotlib.pyplot as plt\n",
    "import seaborn as sns\n",
    "\n",
    "df = pd.read_csv(\"framingham.csv\")\n",
    "df\n"
   ]
  },
  {
   "cell_type": "markdown",
   "id": "de02cf16",
   "metadata": {},
   "source": [
    "Most of our features are already numeric, binary, or easy-to-interpret continuous values, so you don’t need to spend days on complicated feature engineering.😅"
   ]
  },
  {
   "cell_type": "code",
   "execution_count": 50,
   "id": "bebdff09",
   "metadata": {},
   "outputs": [
    {
     "data": {
      "text/plain": [
       "male                 0\n",
       "age                  0\n",
       "education          105\n",
       "currentSmoker        0\n",
       "cigsPerDay          29\n",
       "BPMeds              53\n",
       "prevalentStroke      0\n",
       "prevalentHyp         0\n",
       "diabetes             0\n",
       "totChol             50\n",
       "sysBP                0\n",
       "diaBP                0\n",
       "BMI                 19\n",
       "heartRate            1\n",
       "glucose            388\n",
       "TenYearCHD           0\n",
       "dtype: int64"
      ]
     },
     "execution_count": 50,
     "metadata": {},
     "output_type": "execute_result"
    }
   ],
   "source": [
    "df.isnull().sum()"
   ]
  },
  {
   "cell_type": "code",
   "execution_count": 51,
   "id": "56868f8a",
   "metadata": {},
   "outputs": [
    {
     "name": "stderr",
     "output_type": "stream",
     "text": [
      "C:\\Users\\amiya\\AppData\\Local\\Temp\\ipykernel_25700\\1430461087.py:1: FutureWarning: A value is trying to be set on a copy of a DataFrame or Series through chained assignment using an inplace method.\n",
      "The behavior will change in pandas 3.0. This inplace method will never work because the intermediate object on which we are setting values always behaves as a copy.\n",
      "\n",
      "For example, when doing 'df[col].method(value, inplace=True)', try using 'df.method({col: value}, inplace=True)' or df[col] = df[col].method(value) instead, to perform the operation inplace on the original object.\n",
      "\n",
      "\n",
      "  df['cigsPerDay'].fillna(df['cigsPerDay'].median(), inplace=True)\n",
      "C:\\Users\\amiya\\AppData\\Local\\Temp\\ipykernel_25700\\1430461087.py:2: FutureWarning: A value is trying to be set on a copy of a DataFrame or Series through chained assignment using an inplace method.\n",
      "The behavior will change in pandas 3.0. This inplace method will never work because the intermediate object on which we are setting values always behaves as a copy.\n",
      "\n",
      "For example, when doing 'df[col].method(value, inplace=True)', try using 'df.method({col: value}, inplace=True)' or df[col] = df[col].method(value) instead, to perform the operation inplace on the original object.\n",
      "\n",
      "\n",
      "  df['BPMeds'].fillna(df['BPMeds'].mode()[0], inplace=True)\n",
      "C:\\Users\\amiya\\AppData\\Local\\Temp\\ipykernel_25700\\1430461087.py:3: FutureWarning: A value is trying to be set on a copy of a DataFrame or Series through chained assignment using an inplace method.\n",
      "The behavior will change in pandas 3.0. This inplace method will never work because the intermediate object on which we are setting values always behaves as a copy.\n",
      "\n",
      "For example, when doing 'df[col].method(value, inplace=True)', try using 'df.method({col: value}, inplace=True)' or df[col] = df[col].method(value) instead, to perform the operation inplace on the original object.\n",
      "\n",
      "\n",
      "  df['totChol'].fillna(df['totChol'].median(), inplace=True)\n",
      "C:\\Users\\amiya\\AppData\\Local\\Temp\\ipykernel_25700\\1430461087.py:4: FutureWarning: A value is trying to be set on a copy of a DataFrame or Series through chained assignment using an inplace method.\n",
      "The behavior will change in pandas 3.0. This inplace method will never work because the intermediate object on which we are setting values always behaves as a copy.\n",
      "\n",
      "For example, when doing 'df[col].method(value, inplace=True)', try using 'df.method({col: value}, inplace=True)' or df[col] = df[col].method(value) instead, to perform the operation inplace on the original object.\n",
      "\n",
      "\n",
      "  df['BMI'].fillna(df['BMI'].median(), inplace=True)\n",
      "C:\\Users\\amiya\\AppData\\Local\\Temp\\ipykernel_25700\\1430461087.py:5: FutureWarning: A value is trying to be set on a copy of a DataFrame or Series through chained assignment using an inplace method.\n",
      "The behavior will change in pandas 3.0. This inplace method will never work because the intermediate object on which we are setting values always behaves as a copy.\n",
      "\n",
      "For example, when doing 'df[col].method(value, inplace=True)', try using 'df.method({col: value}, inplace=True)' or df[col] = df[col].method(value) instead, to perform the operation inplace on the original object.\n",
      "\n",
      "\n",
      "  df['heartRate'].fillna(df['heartRate'].median(), inplace=True)\n",
      "C:\\Users\\amiya\\AppData\\Local\\Temp\\ipykernel_25700\\1430461087.py:6: FutureWarning: A value is trying to be set on a copy of a DataFrame or Series through chained assignment using an inplace method.\n",
      "The behavior will change in pandas 3.0. This inplace method will never work because the intermediate object on which we are setting values always behaves as a copy.\n",
      "\n",
      "For example, when doing 'df[col].method(value, inplace=True)', try using 'df.method({col: value}, inplace=True)' or df[col] = df[col].method(value) instead, to perform the operation inplace on the original object.\n",
      "\n",
      "\n",
      "  df['glucose'].fillna(df['glucose'].median(), inplace=True)\n",
      "C:\\Users\\amiya\\AppData\\Local\\Temp\\ipykernel_25700\\1430461087.py:7: FutureWarning: A value is trying to be set on a copy of a DataFrame or Series through chained assignment using an inplace method.\n",
      "The behavior will change in pandas 3.0. This inplace method will never work because the intermediate object on which we are setting values always behaves as a copy.\n",
      "\n",
      "For example, when doing 'df[col].method(value, inplace=True)', try using 'df.method({col: value}, inplace=True)' or df[col] = df[col].method(value) instead, to perform the operation inplace on the original object.\n",
      "\n",
      "\n",
      "  df['education'].fillna(df['education'].median(), inplace=True)\n"
     ]
    }
   ],
   "source": [
    "df['cigsPerDay'].fillna(df['cigsPerDay'].median(), inplace=True)\n",
    "df['BPMeds'].fillna(df['BPMeds'].mode()[0], inplace=True)\n",
    "df['totChol'].fillna(df['totChol'].median(), inplace=True)\n",
    "df['BMI'].fillna(df['BMI'].median(), inplace=True)\n",
    "df['heartRate'].fillna(df['heartRate'].median(), inplace=True)\n",
    "df['glucose'].fillna(df['glucose'].median(), inplace=True)\n",
    "df['education'].fillna(df['education'].median(), inplace=True)\n",
    "\n",
    "\n",
    "\n"
   ]
  },
  {
   "cell_type": "code",
   "execution_count": 52,
   "id": "c031e787",
   "metadata": {},
   "outputs": [
    {
     "data": {
      "text/plain": [
       "male               0\n",
       "age                0\n",
       "education          0\n",
       "currentSmoker      0\n",
       "cigsPerDay         0\n",
       "BPMeds             0\n",
       "prevalentStroke    0\n",
       "prevalentHyp       0\n",
       "diabetes           0\n",
       "totChol            0\n",
       "sysBP              0\n",
       "diaBP              0\n",
       "BMI                0\n",
       "heartRate          0\n",
       "glucose            0\n",
       "TenYearCHD         0\n",
       "dtype: int64"
      ]
     },
     "execution_count": 52,
     "metadata": {},
     "output_type": "execute_result"
    }
   ],
   "source": [
    "df.isnull().sum()"
   ]
  },
  {
   "cell_type": "code",
   "execution_count": 53,
   "id": "20b66277",
   "metadata": {},
   "outputs": [
    {
     "data": {
      "text/html": [
       "<div>\n",
       "<style scoped>\n",
       "    .dataframe tbody tr th:only-of-type {\n",
       "        vertical-align: middle;\n",
       "    }\n",
       "\n",
       "    .dataframe tbody tr th {\n",
       "        vertical-align: top;\n",
       "    }\n",
       "\n",
       "    .dataframe thead th {\n",
       "        text-align: right;\n",
       "    }\n",
       "</style>\n",
       "<table border=\"1\" class=\"dataframe\">\n",
       "  <thead>\n",
       "    <tr style=\"text-align: right;\">\n",
       "      <th></th>\n",
       "      <th>male</th>\n",
       "      <th>age</th>\n",
       "      <th>education</th>\n",
       "      <th>currentSmoker</th>\n",
       "      <th>cigsPerDay</th>\n",
       "      <th>BPMeds</th>\n",
       "      <th>prevalentStroke</th>\n",
       "      <th>prevalentHyp</th>\n",
       "      <th>diabetes</th>\n",
       "      <th>totChol</th>\n",
       "      <th>sysBP</th>\n",
       "      <th>diaBP</th>\n",
       "      <th>BMI</th>\n",
       "      <th>heartRate</th>\n",
       "      <th>glucose</th>\n",
       "      <th>TenYearCHD</th>\n",
       "    </tr>\n",
       "  </thead>\n",
       "  <tbody>\n",
       "    <tr>\n",
       "      <th>male</th>\n",
       "      <td>1.000000</td>\n",
       "      <td>-0.028979</td>\n",
       "      <td>0.017205</td>\n",
       "      <td>0.197596</td>\n",
       "      <td>0.315630</td>\n",
       "      <td>-0.051545</td>\n",
       "      <td>-0.004546</td>\n",
       "      <td>0.005313</td>\n",
       "      <td>0.015708</td>\n",
       "      <td>-0.069549</td>\n",
       "      <td>-0.035989</td>\n",
       "      <td>0.057933</td>\n",
       "      <td>0.081653</td>\n",
       "      <td>-0.116621</td>\n",
       "      <td>0.010073</td>\n",
       "      <td>0.088428</td>\n",
       "    </tr>\n",
       "    <tr>\n",
       "      <th>age</th>\n",
       "      <td>-0.028979</td>\n",
       "      <td>1.000000</td>\n",
       "      <td>-0.163547</td>\n",
       "      <td>-0.213748</td>\n",
       "      <td>-0.191847</td>\n",
       "      <td>0.120955</td>\n",
       "      <td>0.057655</td>\n",
       "      <td>0.307194</td>\n",
       "      <td>0.101258</td>\n",
       "      <td>0.260105</td>\n",
       "      <td>0.394302</td>\n",
       "      <td>0.206104</td>\n",
       "      <td>0.135174</td>\n",
       "      <td>-0.012848</td>\n",
       "      <td>0.117788</td>\n",
       "      <td>0.225256</td>\n",
       "    </tr>\n",
       "    <tr>\n",
       "      <th>education</th>\n",
       "      <td>0.017205</td>\n",
       "      <td>-0.163547</td>\n",
       "      <td>1.000000</td>\n",
       "      <td>0.018273</td>\n",
       "      <td>0.007618</td>\n",
       "      <td>-0.010365</td>\n",
       "      <td>-0.035150</td>\n",
       "      <td>-0.081021</td>\n",
       "      <td>-0.038136</td>\n",
       "      <td>-0.022364</td>\n",
       "      <td>-0.128273</td>\n",
       "      <td>-0.061719</td>\n",
       "      <td>-0.135501</td>\n",
       "      <td>-0.053683</td>\n",
       "      <td>-0.033982</td>\n",
       "      <td>-0.053383</td>\n",
       "    </tr>\n",
       "    <tr>\n",
       "      <th>currentSmoker</th>\n",
       "      <td>0.197596</td>\n",
       "      <td>-0.213748</td>\n",
       "      <td>0.018273</td>\n",
       "      <td>1.000000</td>\n",
       "      <td>0.760239</td>\n",
       "      <td>-0.048358</td>\n",
       "      <td>-0.032988</td>\n",
       "      <td>-0.103260</td>\n",
       "      <td>-0.044295</td>\n",
       "      <td>-0.046466</td>\n",
       "      <td>-0.130230</td>\n",
       "      <td>-0.107746</td>\n",
       "      <td>-0.167161</td>\n",
       "      <td>0.062330</td>\n",
       "      <td>-0.055177</td>\n",
       "      <td>0.019456</td>\n",
       "    </tr>\n",
       "    <tr>\n",
       "      <th>cigsPerDay</th>\n",
       "      <td>0.315630</td>\n",
       "      <td>-0.191847</td>\n",
       "      <td>0.007618</td>\n",
       "      <td>0.760239</td>\n",
       "      <td>1.000000</td>\n",
       "      <td>-0.044675</td>\n",
       "      <td>-0.032244</td>\n",
       "      <td>-0.065046</td>\n",
       "      <td>-0.036150</td>\n",
       "      <td>-0.026976</td>\n",
       "      <td>-0.088375</td>\n",
       "      <td>-0.056687</td>\n",
       "      <td>-0.092211</td>\n",
       "      <td>0.073853</td>\n",
       "      <td>-0.056863</td>\n",
       "      <td>0.058859</td>\n",
       "    </tr>\n",
       "    <tr>\n",
       "      <th>BPMeds</th>\n",
       "      <td>-0.051545</td>\n",
       "      <td>0.120955</td>\n",
       "      <td>-0.010365</td>\n",
       "      <td>-0.048358</td>\n",
       "      <td>-0.044675</td>\n",
       "      <td>1.000000</td>\n",
       "      <td>0.114609</td>\n",
       "      <td>0.258697</td>\n",
       "      <td>0.051394</td>\n",
       "      <td>0.078578</td>\n",
       "      <td>0.251503</td>\n",
       "      <td>0.192356</td>\n",
       "      <td>0.099584</td>\n",
       "      <td>0.015142</td>\n",
       "      <td>0.049124</td>\n",
       "      <td>0.086417</td>\n",
       "    </tr>\n",
       "    <tr>\n",
       "      <th>prevalentStroke</th>\n",
       "      <td>-0.004546</td>\n",
       "      <td>0.057655</td>\n",
       "      <td>-0.035150</td>\n",
       "      <td>-0.032988</td>\n",
       "      <td>-0.032244</td>\n",
       "      <td>0.114609</td>\n",
       "      <td>1.000000</td>\n",
       "      <td>0.074830</td>\n",
       "      <td>0.006949</td>\n",
       "      <td>0.000123</td>\n",
       "      <td>0.057009</td>\n",
       "      <td>0.045190</td>\n",
       "      <td>0.024265</td>\n",
       "      <td>-0.017674</td>\n",
       "      <td>0.018722</td>\n",
       "      <td>0.061810</td>\n",
       "    </tr>\n",
       "    <tr>\n",
       "      <th>prevalentHyp</th>\n",
       "      <td>0.005313</td>\n",
       "      <td>0.307194</td>\n",
       "      <td>-0.081021</td>\n",
       "      <td>-0.103260</td>\n",
       "      <td>-0.065046</td>\n",
       "      <td>0.258697</td>\n",
       "      <td>0.074830</td>\n",
       "      <td>1.000000</td>\n",
       "      <td>0.077808</td>\n",
       "      <td>0.163054</td>\n",
       "      <td>0.696755</td>\n",
       "      <td>0.615751</td>\n",
       "      <td>0.300510</td>\n",
       "      <td>0.147196</td>\n",
       "      <td>0.083571</td>\n",
       "      <td>0.177603</td>\n",
       "    </tr>\n",
       "    <tr>\n",
       "      <th>diabetes</th>\n",
       "      <td>0.015708</td>\n",
       "      <td>0.101258</td>\n",
       "      <td>-0.038136</td>\n",
       "      <td>-0.044295</td>\n",
       "      <td>-0.036150</td>\n",
       "      <td>0.051394</td>\n",
       "      <td>0.006949</td>\n",
       "      <td>0.077808</td>\n",
       "      <td>1.000000</td>\n",
       "      <td>0.040117</td>\n",
       "      <td>0.111283</td>\n",
       "      <td>0.050329</td>\n",
       "      <td>0.086025</td>\n",
       "      <td>0.048996</td>\n",
       "      <td>0.606493</td>\n",
       "      <td>0.097317</td>\n",
       "    </tr>\n",
       "    <tr>\n",
       "      <th>totChol</th>\n",
       "      <td>-0.069549</td>\n",
       "      <td>0.260105</td>\n",
       "      <td>-0.022364</td>\n",
       "      <td>-0.046466</td>\n",
       "      <td>-0.026976</td>\n",
       "      <td>0.078578</td>\n",
       "      <td>0.000123</td>\n",
       "      <td>0.163054</td>\n",
       "      <td>0.040117</td>\n",
       "      <td>1.000000</td>\n",
       "      <td>0.207522</td>\n",
       "      <td>0.163888</td>\n",
       "      <td>0.114811</td>\n",
       "      <td>0.090537</td>\n",
       "      <td>0.045559</td>\n",
       "      <td>0.081566</td>\n",
       "    </tr>\n",
       "    <tr>\n",
       "      <th>sysBP</th>\n",
       "      <td>-0.035989</td>\n",
       "      <td>0.394302</td>\n",
       "      <td>-0.128273</td>\n",
       "      <td>-0.130230</td>\n",
       "      <td>-0.088375</td>\n",
       "      <td>0.251503</td>\n",
       "      <td>0.057009</td>\n",
       "      <td>0.696755</td>\n",
       "      <td>0.111283</td>\n",
       "      <td>0.207522</td>\n",
       "      <td>1.000000</td>\n",
       "      <td>0.784002</td>\n",
       "      <td>0.325161</td>\n",
       "      <td>0.182143</td>\n",
       "      <td>0.135136</td>\n",
       "      <td>0.216429</td>\n",
       "    </tr>\n",
       "    <tr>\n",
       "      <th>diaBP</th>\n",
       "      <td>0.057933</td>\n",
       "      <td>0.206104</td>\n",
       "      <td>-0.061719</td>\n",
       "      <td>-0.107746</td>\n",
       "      <td>-0.056687</td>\n",
       "      <td>0.192356</td>\n",
       "      <td>0.045190</td>\n",
       "      <td>0.615751</td>\n",
       "      <td>0.050329</td>\n",
       "      <td>0.163888</td>\n",
       "      <td>0.784002</td>\n",
       "      <td>1.000000</td>\n",
       "      <td>0.376623</td>\n",
       "      <td>0.181257</td>\n",
       "      <td>0.059042</td>\n",
       "      <td>0.145299</td>\n",
       "    </tr>\n",
       "    <tr>\n",
       "      <th>BMI</th>\n",
       "      <td>0.081653</td>\n",
       "      <td>0.135174</td>\n",
       "      <td>-0.135501</td>\n",
       "      <td>-0.167161</td>\n",
       "      <td>-0.092211</td>\n",
       "      <td>0.099584</td>\n",
       "      <td>0.024265</td>\n",
       "      <td>0.300510</td>\n",
       "      <td>0.086025</td>\n",
       "      <td>0.114811</td>\n",
       "      <td>0.325161</td>\n",
       "      <td>0.376623</td>\n",
       "      <td>1.000000</td>\n",
       "      <td>0.067520</td>\n",
       "      <td>0.082219</td>\n",
       "      <td>0.074217</td>\n",
       "    </tr>\n",
       "    <tr>\n",
       "      <th>heartRate</th>\n",
       "      <td>-0.116621</td>\n",
       "      <td>-0.012848</td>\n",
       "      <td>-0.053683</td>\n",
       "      <td>0.062330</td>\n",
       "      <td>0.073853</td>\n",
       "      <td>0.015142</td>\n",
       "      <td>-0.017674</td>\n",
       "      <td>0.147196</td>\n",
       "      <td>0.048996</td>\n",
       "      <td>0.090537</td>\n",
       "      <td>0.182143</td>\n",
       "      <td>0.181257</td>\n",
       "      <td>0.067520</td>\n",
       "      <td>1.000000</td>\n",
       "      <td>0.087315</td>\n",
       "      <td>0.022857</td>\n",
       "    </tr>\n",
       "    <tr>\n",
       "      <th>glucose</th>\n",
       "      <td>0.010073</td>\n",
       "      <td>0.117788</td>\n",
       "      <td>-0.033982</td>\n",
       "      <td>-0.055177</td>\n",
       "      <td>-0.056863</td>\n",
       "      <td>0.049124</td>\n",
       "      <td>0.018722</td>\n",
       "      <td>0.083571</td>\n",
       "      <td>0.606493</td>\n",
       "      <td>0.045559</td>\n",
       "      <td>0.135136</td>\n",
       "      <td>0.059042</td>\n",
       "      <td>0.082219</td>\n",
       "      <td>0.087315</td>\n",
       "      <td>1.000000</td>\n",
       "      <td>0.121277</td>\n",
       "    </tr>\n",
       "    <tr>\n",
       "      <th>TenYearCHD</th>\n",
       "      <td>0.088428</td>\n",
       "      <td>0.225256</td>\n",
       "      <td>-0.053383</td>\n",
       "      <td>0.019456</td>\n",
       "      <td>0.058859</td>\n",
       "      <td>0.086417</td>\n",
       "      <td>0.061810</td>\n",
       "      <td>0.177603</td>\n",
       "      <td>0.097317</td>\n",
       "      <td>0.081566</td>\n",
       "      <td>0.216429</td>\n",
       "      <td>0.145299</td>\n",
       "      <td>0.074217</td>\n",
       "      <td>0.022857</td>\n",
       "      <td>0.121277</td>\n",
       "      <td>1.000000</td>\n",
       "    </tr>\n",
       "  </tbody>\n",
       "</table>\n",
       "</div>"
      ],
      "text/plain": [
       "                     male       age  education  currentSmoker  cigsPerDay  \\\n",
       "male             1.000000 -0.028979   0.017205       0.197596    0.315630   \n",
       "age             -0.028979  1.000000  -0.163547      -0.213748   -0.191847   \n",
       "education        0.017205 -0.163547   1.000000       0.018273    0.007618   \n",
       "currentSmoker    0.197596 -0.213748   0.018273       1.000000    0.760239   \n",
       "cigsPerDay       0.315630 -0.191847   0.007618       0.760239    1.000000   \n",
       "BPMeds          -0.051545  0.120955  -0.010365      -0.048358   -0.044675   \n",
       "prevalentStroke -0.004546  0.057655  -0.035150      -0.032988   -0.032244   \n",
       "prevalentHyp     0.005313  0.307194  -0.081021      -0.103260   -0.065046   \n",
       "diabetes         0.015708  0.101258  -0.038136      -0.044295   -0.036150   \n",
       "totChol         -0.069549  0.260105  -0.022364      -0.046466   -0.026976   \n",
       "sysBP           -0.035989  0.394302  -0.128273      -0.130230   -0.088375   \n",
       "diaBP            0.057933  0.206104  -0.061719      -0.107746   -0.056687   \n",
       "BMI              0.081653  0.135174  -0.135501      -0.167161   -0.092211   \n",
       "heartRate       -0.116621 -0.012848  -0.053683       0.062330    0.073853   \n",
       "glucose          0.010073  0.117788  -0.033982      -0.055177   -0.056863   \n",
       "TenYearCHD       0.088428  0.225256  -0.053383       0.019456    0.058859   \n",
       "\n",
       "                   BPMeds  prevalentStroke  prevalentHyp  diabetes   totChol  \\\n",
       "male            -0.051545        -0.004546      0.005313  0.015708 -0.069549   \n",
       "age              0.120955         0.057655      0.307194  0.101258  0.260105   \n",
       "education       -0.010365        -0.035150     -0.081021 -0.038136 -0.022364   \n",
       "currentSmoker   -0.048358        -0.032988     -0.103260 -0.044295 -0.046466   \n",
       "cigsPerDay      -0.044675        -0.032244     -0.065046 -0.036150 -0.026976   \n",
       "BPMeds           1.000000         0.114609      0.258697  0.051394  0.078578   \n",
       "prevalentStroke  0.114609         1.000000      0.074830  0.006949  0.000123   \n",
       "prevalentHyp     0.258697         0.074830      1.000000  0.077808  0.163054   \n",
       "diabetes         0.051394         0.006949      0.077808  1.000000  0.040117   \n",
       "totChol          0.078578         0.000123      0.163054  0.040117  1.000000   \n",
       "sysBP            0.251503         0.057009      0.696755  0.111283  0.207522   \n",
       "diaBP            0.192356         0.045190      0.615751  0.050329  0.163888   \n",
       "BMI              0.099584         0.024265      0.300510  0.086025  0.114811   \n",
       "heartRate        0.015142        -0.017674      0.147196  0.048996  0.090537   \n",
       "glucose          0.049124         0.018722      0.083571  0.606493  0.045559   \n",
       "TenYearCHD       0.086417         0.061810      0.177603  0.097317  0.081566   \n",
       "\n",
       "                    sysBP     diaBP       BMI  heartRate   glucose  TenYearCHD  \n",
       "male            -0.035989  0.057933  0.081653  -0.116621  0.010073    0.088428  \n",
       "age              0.394302  0.206104  0.135174  -0.012848  0.117788    0.225256  \n",
       "education       -0.128273 -0.061719 -0.135501  -0.053683 -0.033982   -0.053383  \n",
       "currentSmoker   -0.130230 -0.107746 -0.167161   0.062330 -0.055177    0.019456  \n",
       "cigsPerDay      -0.088375 -0.056687 -0.092211   0.073853 -0.056863    0.058859  \n",
       "BPMeds           0.251503  0.192356  0.099584   0.015142  0.049124    0.086417  \n",
       "prevalentStroke  0.057009  0.045190  0.024265  -0.017674  0.018722    0.061810  \n",
       "prevalentHyp     0.696755  0.615751  0.300510   0.147196  0.083571    0.177603  \n",
       "diabetes         0.111283  0.050329  0.086025   0.048996  0.606493    0.097317  \n",
       "totChol          0.207522  0.163888  0.114811   0.090537  0.045559    0.081566  \n",
       "sysBP            1.000000  0.784002  0.325161   0.182143  0.135136    0.216429  \n",
       "diaBP            0.784002  1.000000  0.376623   0.181257  0.059042    0.145299  \n",
       "BMI              0.325161  0.376623  1.000000   0.067520  0.082219    0.074217  \n",
       "heartRate        0.182143  0.181257  0.067520   1.000000  0.087315    0.022857  \n",
       "glucose          0.135136  0.059042  0.082219   0.087315  1.000000    0.121277  \n",
       "TenYearCHD       0.216429  0.145299  0.074217   0.022857  0.121277    1.000000  "
      ]
     },
     "execution_count": 53,
     "metadata": {},
     "output_type": "execute_result"
    }
   ],
   "source": [
    "df.corr()"
   ]
  },
  {
   "cell_type": "code",
   "execution_count": 61,
   "id": "b64786a7",
   "metadata": {},
   "outputs": [
    {
     "data": {
      "text/plain": [
       "<seaborn.axisgrid.PairGrid at 0x24dbbe73110>"
      ]
     },
     "execution_count": 61,
     "metadata": {},
     "output_type": "execute_result"
    },
    {
     "data": {
